ap 1 1 1
ap 2 2 2
ap 3 3 3
ap 4 4 4
ap 5 5 5
ap 6 6 6
ap 7 7 7
ap 8 8 8
ap 9 9 9
ap 10 10 10
ap 11 11 11
ap 12 12 12
ap 13 13 13
ap 14 14 14
ap 15 15 15
ap 16 16 16
ap 17 17 17
ap 18 18 18
ap 19 19 19
ap 20 20 20
ap 21 21 21
ap 22 22 22
ap 23 23 23
ap 24 24 24
ap 25 25 25
ap 26 26 26
ap 27 27 27
ap 28 28 28
ap 29 29 29
ap 30 30 30
ap 31 31 31
ap 32 32 32
ap 33 33 33
ap 34 34 34
ap 35 35 35
ap 36 36 36
ap 37 37 37
ap 38 38 38
ap 39 39 39
ap 40 40 40
ap 41 41 41
ap 42 42 42
ap 43 43 43
ap 44 44 44
ap 45 45 45
ap 46 46 46
ap 47 47 47
ap 48 48 48
ap 49 49 49
ap 50 50 50
ap 51 51 51
ap 52 52 52
ap 53 53 53
ap 54 54 54
ap 55 55 55
ap 56 56 56
ap 57 57 57
ap 58 58 58
ap 59 59 59
ap 60 60 60
ap 61 61 61
ap 62 62 62
ap 63 63 63
ap 64 64 64
ap 65 65 65
ap 66 66 66
ap 67 67 67
ap 68 68 68
ap 69 69 69
ap 70 70 70
ap 71 71 71
ap 72 72 72
ap 73 73 73
ap 74 74 74
ap 75 75 75
ap 76 76 76
ap 77 77 77
ap 78 78 78
ap 79 79 79
ap 80 80 80
ap 81 81 81
ap 82 82 82
ap 83 83 83
ap 84 84 84
ap 85 85 85
ap 86 86 86
ap 87 87 87
ap 88 88 88
ap 89 89 89
ap 90 90 90
ap 91 91 91
ap 92 92 92
ap 93 93 93
ap 94 94 94
ap 95 95 95
ap 96 96 96
ap 97 97 97
ap 98 98 98
ap 99 99 99
ap 100 100 100
ap 101 101 101
ap 102 102 102
ap 103 103 103
ap 104 104 104
ap 105 105 105
ap 106 106 106
ap 107 107 107
ap 108 108 108
ap 109 109 109
ap 110 110 110
ap 111 111 111
ap 112 112 112
ap 113 113 113
ap 114 114 114
ap 115 115 115
ap 116 116 116
ap 117 117 117
ap 118 118 118
ap 119 119 119
ap 120 120 120
ap 121 121 121
ap 122 122 122
ap 123 123 123
ap 124 124 124
ap 125 125 125
ap 126 126 126
ap 127 127 127
ap 128 128 128
ap 129 129 129
ap 130 130 130
ap 131 131 131
ap 132 132 132
ap 133 133 133
ap 134 134 134
ap 135 135 135
ap 136 136 136
ap 137 137 137
ap 138 138 138
ap 139 139 139
ap 140 140 140
ap 141 141 141
ap 142 142 142
ap 143 143 143
ap 144 144 144
ap 145 145 145
ap 146 146 146
ap 147 147 147
ap 148 148 148
ap 149 149 149
ap 150 150 150
ap 151 151 151
ap 152 152 152
ap 153 153 153
ap 154 154 154
ap 155 155 155
ap 156 156 156
ap 157 157 157
ap 158 158 158
ap 159 159 159
ap 160 160 160
ap 161 161 161
ap 162 162 162
ap 163 163 163
ap 164 164 164
ap 165 165 165
ap 166 166 166
ap 167 167 167
ap 168 168 168
ap 169 169 169
ap 170 170 170
ap 171 171 171
ap 172 172 172
ap 173 173 173
ap 174 174 174
ap 175 175 175
ap 176 176 176
ap 177 177 177
ap 178 178 178
ap 179 179 179
ap 180 180 180
ap 181 181 181
ap 182 182 182
ap 183 183 183
ap 184 184 184
ap 185 185 185
ap 186 186 186
ap 187 187 187
ap 188 188 188
ap 189 189 189
ap 190 190 190
ap 191 191 191
ap 192 192 192
ap 193 193 193
ap 194 194 194
ap 195 195 195
ap 196 196 196
ap 197 197 197
ap 198 198 198
ap 199 199 199
ap 200 200 200
ap 201 201 201
ap 202 202 202
ap 203 203 203
ap 204 204 204
ap 205 205 205
ap 206 206 206
ap 207 207 207
ap 208 208 208
ap 209 209 209
ap 210 210 210
ap 211 211 211
ap 212 212 212
ap 213 213 213
ap 214 214 214
ap 215 215 215
ap 216 216 216
ap 217 217 217
ap 218 218 218
ap 219 219 219
ap 220 220 220
ap 221 221 221
ap 222 222 222
ap 223 223 223
ap 224 224 224
ap 225 225 225
ap 226 226 226
ap 227 227 227
ap 228 228 228
ap 229 229 229
ap 230 230 230
ap 231 231 231
ap 232 232 232
ap 233 233 233
ap 234 234 234
ap 235 235 235
ap 236 236 236
ap 237 237 237
ap 238 238 238
ap 239 239 239
ap 240 240 240
ap 241 241 241
ap 242 242 242
ap 243 243 243
ap 244 244 244
ap 245 245 245
ap 246 246 246
ap 247 247 247
ap 248 248 248
ap 249 249 249
ap 250 250 250
ap 251 251 251
ap 252 252 252
ap 253 253 253
ap 254 254 254
ap 255 255 255
ap 256 256 256
ap 257 257 257
ap 258 258 258
ap 259 259 259
ap 260 260 260
ap 261 261 261
ap 262 262 262
ap 263 263 263
ap 264 264 264
ap 265 265 265
ap 266 266 266
ap 267 267 267
ap 268 268 268
ap 269 269 269
ap 270 270 270
ap 271 271 271
ap 272 272 272
ap 273 273 273
ap 274 274 274
ap 275 275 275
ap 276 276 276
ap 277 277 277
ap 278 278 278
ap 279 279 279
ap 280 280 280
ap 281 281 281
ap 282 282 282
ap 283 283 283
ap 284 284 284
ap 285 285 285
ap 286 286 286
ap 287 287 287
ap 288 288 288
ap 289 289 289
ap 290 290 290
ap 291 291 291
ap 292 292 292
ap 293 293 293
ap 294 294 294
ap 295 295 295
ap 296 296 296
ap 297 297 297
ap 298 298 298
ap 299 299 299
ap 300 300 300
ap 301 301 301
ap 302 302 302
ap 303 303 303
ap 304 304 304
ap 305 305 305
ap 306 306 306
ap 307 307 307
ap 308 308 308
ap 309 309 309
ap 310 310 310
ap 311 311 311
ap 312 312 312
ap 313 313 313
ap 314 314 314
ap 315 315 315
ap 316 316 316
ap 317 317 317
ap 318 318 318
ap 319 319 319
ap 320 320 320
ap 321 321 321
ap 322 322 322
ap 323 323 323
ap 324 324 324
ap 325 325 325
ap 326 326 326
ap 327 327 327
ap 328 328 328
ap 329 329 329
ap 330 330 330
ap 331 331 331
ap 332 332 332
ap 333 333 333
ap 334 334 334
ap 335 335 335
ap 336 336 336
ap 337 337 337
ap 338 338 338
ap 339 339 339
ap 340 340 340
ap 341 341 341
ap 342 342 342
ap 343 343 343
ap 344 344 344
ap 345 345 345
ap 346 346 346
ap 347 347 347
ap 348 348 348
ap 349 349 349
ap 350 350 350
ap 351 351 351
ap 352 352 352
ap 353 353 353
ap 354 354 354
ap 355 355 355
ap 356 356 356
ap 357 357 357
ap 358 358 358
ap 359 359 359
ap 360 360 360
ap 361 361 361
ap 362 362 362
ap 363 363 363
ap 364 364 364
ap 365 365 365
ap 366 366 366
ap 367 367 367
ap 368 368 368
ap 369 369 369
ap 370 370 370
ap 371 371 371
ap 372 372 372
ap 373 373 373
ap 374 374 374
ap 375 375 375
ap 376 376 376
ap 377 377 377
ap 378 378 378
ap 379 379 379
ap 380 380 380
ap 381 381 381
ap 382 382 382
ap 383 383 383
ap 384 384 384
ap 385 385 385
ap 386 386 386
ap 387 387 387
ap 388 388 388
ap 389 389 389
ap 390 390 390
ap 391 391 391
ap 392 392 392
ap 393 393 393
ap 394 394 394
ap 395 395 395
ap 396 396 396
ap 397 397 397
ap 398 398 398
ap 399 399 399
ap 400 400 400
ap 401 401 401
ap 402 402 402
ap 403 403 403
ap 404 404 404
ap 405 405 405
ap 406 406 406
ap 407 407 407
ap 408 408 408
ap 409 409 409
ap 410 410 410
ap 411 411 411
ap 412 412 412
ap 413 413 413
ap 414 414 414
ap 415 415 415
ap 416 416 416
ap 417 417 417
ap 418 418 418
ap 419 419 419
ap 420 420 420
ap 421 421 421
ap 422 422 422
ap 423 423 423
ap 424 424 424
ap 425 425 425
ap 426 426 426
ap 427 427 427
ap 428 428 428
ap 429 429 429
ap 430 430 430
ap 431 431 431
ap 432 432 432
ap 433 433 433
ap 434 434 434
ap 435 435 435
ap 436 436 436
ap 437 437 437
ap 438 438 438
ap 439 439 439
ap 440 440 440
ap 441 441 441
ap 442 442 442
ap 443 443 443
ap 444 444 444
ap 445 445 445
ap 446 446 446
ap 447 447 447
ap 448 448 448
ap 449 449 449
ap 450 450 450
ap 451 451 451
ap 452 452 452
ap 453 453 453
ap 454 454 454
ap 455 455 455
ap 456 456 456
ap 457 457 457
ap 458 458 458
ap 459 459 459
ap 460 460 460
ap 461 461 461
ap 462 462 462
ap 463 463 463
ap 464 464 464
ap 465 465 465
ap 466 466 466
ap 467 467 467
ap 468 468 468
ap 469 469 469
ap 470 470 470
ap 471 471 471
ap 472 472 472
ap 473 473 473
ap 474 474 474
ap 475 475 475
ap 476 476 476
ap 477 477 477
ap 478 478 478
ap 479 479 479
ap 480 480 480
ap 481 481 481
ap 482 482 482
ap 483 483 483
ap 484 484 484
ap 485 485 485
ap 486 486 486
ap 487 487 487
ap 488 488 488
ap 489 489 489
ap 490 490 490
ap 491 491 491
ap 492 492 492
ap 493 493 493
ap 494 494 494
ap 495 495 495
ap 496 496 496
ap 497 497 497
ap 498 498 498
ap 499 499 499
ap 500 500 500
ap 501 501 501
ap 502 502 502
ap 503 503 503
ap 504 504 504
ap 505 505 505
ap 506 506 506
ap 507 507 507
ap 508 508 508
ap 509 509 509
ap 510 510 510
ap 511 511 511
ap 512 512 512
ap 513 513 513
ap 514 514 514
ap 515 515 515
ap 516 516 516
ap 517 517 517
ap 518 518 518
ap 519 519 519
ap 520 520 520
ap 521 521 521
ap 522 522 522
ap 523 523 523
ap 524 524 524
ap 525 525 525
ap 526 526 526
ap 527 527 527
ap 528 528 528
ap 529 529 529
ap 530 530 530
ap 531 531 531
ap 532 532 532
ap 533 533 533
ap 534 534 534
ap 535 535 535
ap 536 536 536
ap 537 537 537
ap 538 538 538
ap 539 539 539
ap 540 540 540
ap 541 541 541
ap 542 542 542
ap 543 543 543
ap 544 544 544
ap 545 545 545
ap 546 546 546
ap 547 547 547
ap 548 548 548
ap 549 549 549
ap 550 550 550
ap 551 551 551
ap 552 552 552
ap 553 553 553
ap 554 554 554
ap 555 555 555
ap 556 556 556
ap 557 557 557
ap 558 558 558
ap 559 559 559
ap 560 560 560
ap 561 561 561
ap 562 562 562
ap 563 563 563
ap 564 564 564
ap 565 565 565
ap 566 566 566
ap 567 567 567
ap 568 568 568
ap 569 569 569
ap 570 570 570
ap 571 571 571
ap 572 572 572
ap 573 573 573
ap 574 574 574
ap 575 575 575
ap 576 576 576
ap 577 577 577
ap 578 578 578
ap 579 579 579
ap 580 580 580
ap 581 581 581
ap 582 582 582
ap 583 583 583
ap 584 584 584
ap 585 585 585
ap 586 586 586
ap 587 587 587
ap 588 588 588
ap 589 589 589
ap 590 590 590
ap 591 591 591
ap 592 592 592
ap 593 593 593
ap 594 594 594
ap 595 595 595
ap 596 596 596
ap 597 597 597
ap 598 598 598
ap 599 599 599
ap 600 600 600
ap 601 601 601
ap 602 602 602
ap 603 603 603
ap 604 604 604
ap 605 605 605
ap 606 606 606
ap 607 607 607
ap 608 608 608
ap 609 609 609
ap 610 610 610
ap 611 611 611
ap 612 612 612
ap 613 613 613
ap 614 614 614
ap 615 615 615
ap 616 616 616
ap 617 617 617
ap 618 618 618
ap 619 619 619
ap 620 620 620
ap 621 621 621
ap 622 622 622
ap 623 623 623
ap 624 624 624
ap 625 625 625
ap 626 626 626
ap 627 627 627
ap 628 628 628
ap 629 629 629
ap 630 630 630
ap 631 631 631
ap 632 632 632
ap 633 633 633
ap 634 634 634
ap 635 635 635
ap 636 636 636
ap 637 637 637
ap 638 638 638
ap 639 639 639
ap 640 640 640
ap 641 641 641
ap 642 642 642
ap 643 643 643
ap 644 644 644
ap 645 645 645
ap 646 646 646
ap 647 647 647
ap 648 648 648
ap 649 649 649
ap 650 650 650
ap 651 651 651
ap 652 652 652
ap 653 653 653
ap 654 654 654
ap 655 655 655
ap 656 656 656
ap 657 657 657
ap 658 658 658
ap 659 659 659
ap 660 660 660
ap 661 661 661
ap 662 662 662
ap 663 663 663
ap 664 664 664
ap 665 665 665
ap 666 666 666
ap 667 667 667
ap 668 668 668
ap 669 669 669
ap 670 670 670
ap 671 671 671
ap 672 672 672
ap 673 673 673
ap 674 674 674
ap 675 675 675
ap 676 676 676
ap 677 677 677
ap 678 678 678
ap 679 679 679
ap 680 680 680
ap 681 681 681
ap 682 682 682
ap 683 683 683
ap 684 684 684
ap 685 685 685
ap 686 686 686
ap 687 687 687
ap 688 688 688
ap 689 689 689
ap 690 690 690
ap 691 691 691
ap 692 692 692
ap 693 693 693
ap 694 694 694
ap 695 695 695
ap 696 696 696
ap 697 697 697
ap 698 698 698
ap 699 699 699
ap 700 700 700
ap 701 701 701
ap 702 702 702
ap 703 703 703
ap 704 704 704
ap 705 705 705
ap 706 706 706
ap 707 707 707
ap 708 708 708
ap 709 709 709
ap 710 710 710
ap 711 711 711
ap 712 712 712
ap 713 713 713
ap 714 714 714
ap 715 715 715
ap 716 716 716
ap 717 717 717
ap 718 718 718
ap 719 719 719
ap 720 720 720
ap 721 721 721
ap 722 722 722
ap 723 723 723
ap 724 724 724
ap 725 725 725
ap 726 726 726
ap 727 727 727
ap 728 728 728
ap 729 729 729
ap 730 730 730
ap 731 731 731
ap 732 732 732
ap 733 733 733
ap 734 734 734
ap 735 735 735
ap 736 736 736
ap 737 737 737
ap 738 738 738
ap 739 739 739
ap 740 740 740
ap 741 741 741
ap 742 742 742
ap 743 743 743
ap 744 744 744
ap 745 745 745
ap 746 746 746
ap 747 747 747
ap 748 748 748
ap 749 749 749
ap 750 750 750
ap 751 751 751
ap 752 752 752
ap 753 753 753
ap 754 754 754
ap 755 755 755
ap 756 756 756
ap 757 757 757
ap 758 758 758
ap 759 759 759
ap 760 760 760
ap 761 761 761
ap 762 762 762
ap 763 763 763
ap 764 764 764
ap 765 765 765
ap 766 766 766
ap 767 767 767
ap 768 768 768
ap 769 769 769
ap 770 770 770
ap 771 771 771
ap 772 772 772
ap 773 773 773
ap 774 774 774
ap 775 775 775
ap 776 776 776
ap 777 777 777
ap 778 778 778
ap 779 779 779
ap 780 780 780
ap 781 781 781
ap 782 782 782
ap 783 783 783
ap 784 784 784
ap 785 785 785
ap 786 786 786
ap 787 787 787
ap 788 788 788
ap 789 789 789
ap 790 790 790
ap 791 791 791
ap 792 792 792
ap 793 793 793
ap 794 794 794
ap 795 795 795
ap 796 796 796
ap 797 797 797
ap 798 798 798
ap 799 799 799
ap 800 800 800
ap 801 801 801
ap 802 802 802
ap 803 803 803
ap 804 804 804
ap 805 805 805
ap 806 806 806
ap 807 807 807
ap 808 808 808
ap 809 809 809
ap 810 810 810
ap 811 811 811
ap 812 812 812
ap 813 813 813
ap 814 814 814
ap 815 815 815
ap 816 816 816
ap 817 817 817
ap 818 818 818
ap 819 819 819
ap 820 820 820
ap 821 821 821
ap 822 822 822
ap 823 823 823
ap 824 824 824
ap 825 825 825
ap 826 826 826
ap 827 827 827
ap 828 828 828
ap 829 829 829
ap 830 830 830
ap 831 831 831
ap 832 832 832
ap 833 833 833
ap 834 834 834
ap 835 835 835
ap 836 836 836
ap 837 837 837
ap 838 838 838
ap 839 839 839
ap 840 840 840
ap 841 841 841
ap 842 842 842
ap 843 843 843
ap 844 844 844
ap 845 845 845
ap 846 846 846
ap 847 847 847
ap 848 848 848
ap 849 849 849
ap 850 850 850
ap 851 851 851
ap 852 852 852
ap 853 853 853
ap 854 854 854
ap 855 855 855
ap 856 856 856
ap 857 857 857
ap 858 858 858
ap 859 859 859
ap 860 860 860
ap 861 861 861
ap 862 862 862
ap 863 863 863
ap 864 864 864
ap 865 865 865
ap 866 866 866
ap 867 867 867
ap 868 868 868
ap 869 869 869
ap 870 870 870
ap 871 871 871
ap 872 872 872
ap 873 873 873
ap 874 874 874
ap 875 875 875
ap 876 876 876
ap 877 877 877
ap 878 878 878
ap 879 879 879
ap 880 880 880
ap 881 881 881
ap 882 882 882
ap 883 883 883
ap 884 884 884
ap 885 885 885
ap 886 886 886
ap 887 887 887
ap 888 888 888
ap 889 889 889
ap 890 890 890
ap 891 891 891
ap 892 892 892
ap 893 893 893
ap 894 894 894
ap 895 895 895
ap 896 896 896
ap 897 897 897
ap 898 898 898
ap 899 899 899
ap 900 900 900
ap 901 901 901
ap 902 902 902
ap 903 903 903
ap 904 904 904
ap 905 905 905
ap 906 906 906
ap 907 907 907
ap 908 908 908
ap 909 909 909
ap 910 910 910
ap 911 911 911
ap 912 912 912
ap 913 913 913
ap 914 914 914
ap 915 915 915
ap 916 916 916
ap 917 917 917
ap 918 918 918
ap 919 919 919
ap 920 920 920
ap 921 921 921
ap 922 922 922
ap 923 923 923
ap 924 924 924
ap 925 925 925
ap 926 926 926
ap 927 927 927
ap 928 928 928
ap 929 929 929
ap 930 930 930
ap 931 931 931
ap 932 932 932
ap 933 933 933
ap 934 934 934
ap 935 935 935
ap 936 936 936
ap 937 937 937
ap 938 938 938
ap 939 939 939
ap 940 940 940
ap 941 941 941
ap 942 942 942
ap 943 943 943
ap 944 944 944
ap 945 945 945
ap 946 946 946
ap 947 947 947
ap 948 948 948
ap 949 949 949
ap 950 950 950
ap 951 951 951
ap 952 952 952
ap 953 953 953
ap 954 954 954
ap 955 955 955
ap 956 956 956
ap 957 957 957
ap 958 958 958
ap 959 959 959
ap 960 960 960
ap 961 961 961
ap 962 962 962
ap 963 963 963
ap 964 964 964
ap 965 965 965
ap 966 966 966
ap 967 967 967
ap 968 968 968
ap 969 969 969
ap 970 970 970
ap 971 971 971
ap 972 972 972
ap 973 973 973
ap 974 974 974
ap 975 975 975
ap 976 976 976
ap 977 977 977
ap 978 978 978
ap 979 979 979
ap 980 980 980
ap 981 981 981
ap 982 982 982
ap 983 983 983
ap 984 984 984
ap 985 985 985
ap 986 986 986
ap 987 987 987
ap 988 988 988
ap 989 989 989
ap 990 990 990
ap 991 991 991
ap 992 992 992
ap 993 993 993
ap 994 994 994
ap 995 995 995
ap 996 996 996
ap 997 997 997
ap 998 998 998
ap 999 999 999
ap 1000 1000 1000
ap 1001 1001 1001
ap 1002 1002 1002
ap 1003 1003 1003
ap 1004 1004 1004
ap 1005 1005 1005
ap 1006 1006 1006
ap 1007 1007 1007
ap 1008 1008 1008
ap 1009 1009 1009
ap 1010 1010 1010
ap 1011 1011 1011
ap 1012 1012 1012
ap 1013 1013 1013
ap 1014 1014 1014
ap 1015 1015 1015
ap 1016 1016 1016
ap 1017 1017 1017
ap 1018 1018 1018
ap 1019 1019 1019
ap 1020 1020 1020
ap 1021 1021 1021
ap 1022 1022 1022
ap 1023 1023 1023
ap 1024 1024 1024
ap 1025 1025 1025
ap 1026 1026 1026
ap 1027 1027 1027
ap 1028 1028 1028
ap 1029 1029 1029
ap 1030 1030 1030
ap 1031 1031 1031
ap 1032 1032 1032
ap 1033 1033 1033
ap 1034 1034 1034
ap 1035 1035 1035
ap 1036 1036 1036
ap 1037 1037 1037
ap 1038 1038 1038
ap 1039 1039 1039
ap 1040 1040 1040
ap 1041 1041 1041
ap 1042 1042 1042
ap 1043 1043 1043
ap 1044 1044 1044
ap 1045 1045 1045
ap 1046 1046 1046
ap 1047 1047 1047
ap 1048 1048 1048
ap 1049 1049 1049
ap 1050 1050 1050
ap 1051 1051 1051
ap 1052 1052 1052
ap 1053 1053 1053
ap 1054 1054 1054
ap 1055 1055 1055
ap 1056 1056 1056
ap 1057 1057 1057
ap 1058 1058 1058
ap 1059 1059 1059
ap 1060 1060 1060
ap 1061 1061 1061
ap 1062 1062 1062
ap 1063 1063 1063
ap 1064 1064 1064
ap 1065 1065 1065
ap 1066 1066 1066
ap 1067 1067 1067
ap 1068 1068 1068
ap 1069 1069 1069
ap 1070 1070 1070
ap 1071 1071 1071
ap 1072 1072 1072
ap 1073 1073 1073
ap 1074 1074 1074
ap 1075 1075 1075
ap 1076 1076 1076
ap 1077 1077 1077
ap 1078 1078 1078
ap 1079 1079 1079
ap 1080 1080 1080
ap 1081 1081 1081
ap 1082 1082 1082
ap 1083 1083 1083
ap 1084 1084 1084
ap 1085 1085 1085
ap 1086 1086 1086
ap 1087 1087 1087
ap 1088 1088 1088
ap 1089 1089 1089
ap 1090 1090 1090
ap 1091 1091 1091
ap 1092 1092 1092
ap 1093 1093 1093
ap 1094 1094 1094
ap 1095 1095 1095
ap 1096 1096 1096
ap 1097 1097 1097
ap 1098 1098 1098
ap 1099 1099 1099
ap 1100 1100 1100
ap 1101 1101 1101
ap 1102 1102 1102
ap 1103 1103 1103
ap 1104 1104 1104
ap 1105 1105 1105
ap 1106 1106 1106
ap 1107 1107 1107
ap 1108 1108 1108
ap 1109 1109 1109
ap 1110 1110 1110
ap 1111 1111 1111
ap 1112 1112 1112
ap 1113 1113 1113
ap 1114 1114 1114
ap 1115 1115 1115
ap 1116 1116 1116
ap 1117 1117 1117
ap 1118 1118 1118
ap 1119 1119 1119
ap 1120 1120 1120
ap 1121 1121 1121
ap 1122 1122 1122
ap 1123 1123 1123
ap 1124 1124 1124
ap 1125 1125 1125
ap 1126 1126 1126
ap 1127 1127 1127
ap 1128 1128 1128
ap 1129 1129 1129
ap 1130 1130 1130
ap 1131 1131 1131
ap 1132 1132 1132
ap 1133 1133 1133
ap 1134 1134 1134
ap 1135 1135 1135
ap 1136 1136 1136
ap 1137 1137 1137
ap 1138 1138 1138
ap 1139 1139 1139
ap 1140 1140 1140
ap 1141 1141 1141
ap 1142 1142 1142
ap 1143 1143 1143
ap 1144 1144 1144
ap 1145 1145 1145
ap 1146 1146 1146
ap 1147 1147 1147
ap 1148 1148 1148
ap 1149 1149 1149
ap 1150 1150 1150
ap 1151 1151 1151
ap 1152 1152 1152
ap 1153 1153 1153
ap 1154 1154 1154
ap 1155 1155 1155
ap 1156 1156 1156
ap 1157 1157 1157
ap 1158 1158 1158
ap 1159 1159 1159
ap 1160 1160 1160
ap 1161 1161 1161
ap 1162 1162 1162
ap 1163 1163 1163
ap 1164 1164 1164
ap 1165 1165 1165
ap 1166 1166 1166
ap 1167 1167 1167
ap 1168 1168 1168
ap 1169 1169 1169
ap 1170 1170 1170
ap 1171 1171 1171
ap 1172 1172 1172
ap 1173 1173 1173
ap 1174 1174 1174
ap 1175 1175 1175
ap 1176 1176 1176
ap 1177 1177 1177
ap 1178 1178 1178
ap 1179 1179 1179
ap 1180 1180 1180
ap 1181 1181 1181
ap 1182 1182 1182
ap 1183 1183 1183
ap 1184 1184 1184
ap 1185 1185 1185
ap 1186 1186 1186
ap 1187 1187 1187
ap 1188 1188 1188
ap 1189 1189 1189
ap 1190 1190 1190
ap 1191 1191 1191
ap 1192 1192 1192
ap 1193 1193 1193
ap 1194 1194 1194
ap 1195 1195 1195
ap 1196 1196 1196
ap 1197 1197 1197
ap 1198 1198 1198
ap 1199 1199 1199
ap 1200 1200 1200
ap 1201 1201 1201
ap 1202 1202 1202
ap 1203 1203 1203
ap 1204 1204 1204
ap 1205 1205 1205
ap 1206 1206 1206
ap 1207 1207 1207
ap 1208 1208 1208
ap 1209 1209 1209
ap 1210 1210 1210
ap 1211 1211 1211
ap 1212 1212 1212
ap 1213 1213 1213
ap 1214 1214 1214
ap 1215 1215 1215
ap 1216 1216 1216
ap 1217 1217 1217
ap 1218 1218 1218
ap 1219 1219 1219
ap 1220 1220 1220
ap 1221 1221 1221
ap 1222 1222 1222
ap 1223 1223 1223
ap 1224 1224 1224
ap 1225 1225 1225
ap 1226 1226 1226
ap 1227 1227 1227
ap 1228 1228 1228
ap 1229 1229 1229
ap 1230 1230 1230
ap 1231 1231 1231
ap 1232 1232 1232
ap 1233 1233 1233
ap 1234 1234 1234
ap 1235 1235 1235
ap 1236 1236 1236
ap 1237 1237 1237
ap 1238 1238 1238
ap 1239 1239 1239
ap 1240 1240 1240
ap 1241 1241 1241
ap 1242 1242 1242
ap 1243 1243 1243
ap 1244 1244 1244
ap 1245 1245 1245
ap 1246 1246 1246
ap 1247 1247 1247
ap 1248 1248 1248
ap 1249 1249 1249
ap 1250 1250 1250
ap 1251 1251 1251
ap 1252 1252 1252
ap 1253 1253 1253
ap 1254 1254 1254
ap 1255 1255 1255
ap 1256 1256 1256
ap 1257 1257 1257
ap 1258 1258 1258
ap 1259 1259 1259
ap 1260 1260 1260
ap 1261 1261 1261
ap 1262 1262 1262
ap 1263 1263 1263
ap 1264 1264 1264
ap 1265 1265 1265
ap 1266 1266 1266
ap 1267 1267 1267
ap 1268 1268 1268
ap 1269 1269 1269
ap 1270 1270 1270
ap 1271 1271 1271
ap 1272 1272 1272
ap 1273 1273 1273
ap 1274 1274 1274
ap 1275 1275 1275
ap 1276 1276 1276
ap 1277 1277 1277
ap 1278 1278 1278
ap 1279 1279 1279
ap 1280 1280 1280
ap 1281 1281 1281
ap 1282 1282 1282
ap 1283 1283 1283
ap 1284 1284 1284
ap 1285 1285 1285
ap 1286 1286 1286
ap 1287 1287 1287
ap 1288 1288 1288
ap 1289 1289 1289
ap 1290 1290 1290
ap 1291 1291 1291
ap 1292 1292 1292
ap 1293 1293 1293
ap 1294 1294 1294
ap 1295 1295 1295
ap 1296 1296 1296
ap 1297 1297 1297
ap 1298 1298 1298
ap 1299 1299 1299
ap 1300 1300 1300
ap 1301 1301 1301
ap 1302 1302 1302
ap 1303 1303 1303
ap 1304 1304 1304
ap 1305 1305 1305
ap 1306 1306 1306
ap 1307 1307 1307
ap 1308 1308 1308
ap 1309 1309 1309
ap 1310 1310 1310
ap 1311 1311 1311
ap 1312 1312 1312
ap 1313 1313 1313
ap 1314 1314 1314
ap 1315 1315 1315
ap 1316 1316 1316
ap 1317 1317 1317
ap 1318 1318 1318
ap 1319 1319 1319
ap 1320 1320 1320
ap 1321 1321 1321
ap 1322 1322 1322
ap 1323 1323 1323
ap 1324 1324 1324
ap 1325 1325 1325
ap 1326 1326 1326
ap 1327 1327 1327
ap 1328 1328 1328
ap 1329 1329 1329
ap 1330 1330 1330
ap 1331 1331 1331
ap 1332 1332 1332
ap 1333 1333 1333
ap 1334 1334 1334
ap 1335 1335 1335
ap 1336 1336 1336
ap 1337 1337 1337
ap 1338 1338 1338
ap 1339 1339 1339
ap 1340 1340 1340
ap 1341 1341 1341
ap 1342 1342 1342
ap 1343 1343 1343
ap 1344 1344 1344
ap 1345 1345 1345
ap 1346 1346 1346
ap 1347 1347 1347
ap 1348 1348 1348
ap 1349 1349 1349
ap 1350 1350 1350
ap 1351 1351 1351
ap 1352 1352 1352
ap 1353 1353 1353
ap 1354 1354 1354
ap 1355 1355 1355
ap 1356 1356 1356
ap 1357 1357 1357
ap 1358 1358 1358
ap 1359 1359 1359
ap 1360 1360 1360
ap 1361 1361 1361
ap 1362 1362 1362
ap 1363 1363 1363
ap 1364 1364 1364
ap 1365 1365 1365
ap 1366 1366 1366
ap 1367 1367 1367
ap 1368 1368 1368
ap 1369 1369 1369
ap 1370 1370 1370
ap 1371 1371 1371
ap 1372 1372 1372
ap 1373 1373 1373
ap 1374 1374 1374
ap 1375 1375 1375
ap 1376 1376 1376
ap 1377 1377 1377
ap 1378 1378 1378
ap 1379 1379 1379
ap 1380 1380 1380
ap 1381 1381 1381
ap 1382 1382 1382
ap 1383 1383 1383
ap 1384 1384 1384
ap 1385 1385 1385
ap 1386 1386 1386
ap 1387 1387 1387
ap 1388 1388 1388
ap 1389 1389 1389
ap 1390 1390 1390
ap 1391 1391 1391
ap 1392 1392 1392
ap 1393 1393 1393
ap 1394 1394 1394
ap 1395 1395 1395
ap 1396 1396 1396
ap 1397 1397 1397
ap 1398 1398 1398
ap 1399 1399 1399
ap 1400 1400 1400
ap 1401 1401 1401
ap 1402 1402 1402
ap 1403 1403 1403
ap 1404 1404 1404
ap 1405 1405 1405
ap 1406 1406 1406
ap 1407 1407 1407
ap 1408 1408 1408
ap 1409 1409 1409
ap 1410 1410 1410
ap 1411 1411 1411
ap 1412 1412 1412
ap 1413 1413 1413
ap 1414 1414 1414
ap 1415 1415 1415
ap 1416 1416 1416
ap 1417 1417 1417
ap 1418 1418 1418
ap 1419 1419 1419
ap 1420 1420 1420
ap 1421 1421 1421
ap 1422 1422 1422
ap 1423 1423 1423
ap 1424 1424 1424
ap 1425 1425 1425
ap 1426 1426 1426
ap 1427 1427 1427
ap 1428 1428 1428
ap 1429 1429 1429
ap 1430 1430 1430
ap 1431 1431 1431
ap 1432 1432 1432
ap 1433 1433 1433
ap 1434 1434 1434
ap 1435 1435 1435
ap 1436 1436 1436
ap 1437 1437 1437
ap 1438 1438 1438
ap 1439 1439 1439
ap 1440 1440 1440
ap 1441 1441 1441
ap 1442 1442 1442
ap 1443 1443 1443
ap 1444 1444 1444
ap 1445 1445 1445
ap 1446 1446 1446
ap 1447 1447 1447
ap 1448 1448 1448
ap 1449 1449 1449
ap 1450 1450 1450
ap 1451 1451 1451
ap 1452 1452 1452
ap 1453 1453 1453
ap 1454 1454 1454
ap 1455 1455 1455
ap 1456 1456 1456
ap 1457 1457 1457
ap 1458 1458 1458
ap 1459 1459 1459
ap 1460 1460 1460
ap 1461 1461 1461
ap 1462 1462 1462
ap 1463 1463 1463
ap 1464 1464 1464
ap 1465 1465 1465
ap 1466 1466 1466
ap 1467 1467 1467
ap 1468 1468 1468
ap 1469 1469 1469
ap 1470 1470 1470
ap 1471 1471 1471
ap 1472 1472 1472
ap 1473 1473 1473
ap 1474 1474 1474
ap 1475 1475 1475
ap 1476 1476 1476
ap 1477 1477 1477
ap 1478 1478 1478
ap 1479 1479 1479
ap 1480 1480 1480
ap 1481 1481 1481
ap 1482 1482 1482
ap 1483 1483 1483
ap 1484 1484 1484
ap 1485 1485 1485
ap 1486 1486 1486
ap 1487 1487 1487
ap 1488 1488 1488
ap 1489 1489 1489
ap 1490 1490 1490
ap 1491 1491 1491
ap 1492 1492 1492
ap 1493 1493 1493
ap 1494 1494 1494
ap 1495 1495 1495
ap 1496 1496 1496
ap 1497 1497 1497
ap 1498 1498 1498
ap 1499 1499 1499
ap 1500 1500 1500
ar 1 2 1
ar 2 3 1
ar 3 4 1
ar 4 5 1
ar 5 6 1
ar 6 7 1
ar 7 8 1
ar 8 9 1
ar 9 10 1
ar 10 11 1
ar 11 12 1
ar 12 13 1
ar 13 14 1
ar 14 15 1
ar 15 16 1
ar 16 17 1
ar 17 18 1
ar 18 19 1
ar 19 20 1
ar 20 21 1
ar 21 22 1
ar 22 23 1
ar 23 24 1
ar 24 25 1
ar 25 26 1
ar 26 27 1
ar 27 28 1
ar 28 29 1
ar 29 30 1
ar 30 31 1
ar 31 32 1
ar 32 33 1
ar 33 34 1
ar 34 35 1
ar 35 36 1
ar 36 37 1
ar 37 38 1
ar 38 39 1
ar 39 40 1
ar 40 41 1
ar 41 42 1
ar 42 43 1
ar 43 44 1
ar 44 45 1
ar 45 46 1
ar 46 47 1
ar 47 48 1
ar 48 49 1
ar 49 50 1
ar 50 51 1
ar 51 52 1
ar 52 53 1
ar 53 54 1
ar 54 55 1
ar 55 56 1
ar 56 57 1
ar 57 58 1
ar 58 59 1
ar 59 60 1
ar 60 61 1
ar 61 62 1
ar 62 63 1
ar 63 64 1
ar 64 65 1
ar 65 66 1
ar 66 67 1
ar 67 68 1
ar 68 69 1
ar 69 70 1
ar 70 71 1
ar 71 72 1
ar 72 73 1
ar 73 74 1
ar 74 75 1
ar 75 76 1
ar 76 77 1
ar 77 78 1
ar 78 79 1
ar 79 80 1
ar 80 81 1
ar 81 82 1
ar 82 83 1
ar 83 84 1
ar 84 85 1
ar 85 86 1
ar 86 87 1
ar 87 88 1
ar 88 89 1
ar 89 90 1
ar 90 91 1
ar 91 92 1
ar 92 93 1
ar 93 94 1
ar 94 95 1
ar 95 96 1
ar 96 97 1
ar 97 98 1
ar 98 99 1
ar 99 100 1
ar 100 101 1
ar 101 102 1
ar 102 103 1
ar 103 104 1
ar 104 105 1
ar 105 106 1
ar 106 107 1
ar 107 108 1
ar 108 109 1
ar 109 110 1
ar 110 111 1
ar 111 112 1
ar 112 113 1
ar 113 114 1
ar 114 115 1
ar 115 116 1
ar 116 117 1
ar 117 118 1
ar 118 119 1
ar 119 120 1
ar 120 121 1
ar 121 122 1
ar 122 123 1
ar 123 124 1
ar 124 125 1
ar 125 126 1
ar 126 127 1
ar 127 128 1
ar 128 129 1
ar 129 130 1
ar 130 131 1
ar 131 132 1
ar 132 133 1
ar 133 134 1
ar 134 135 1
ar 135 136 1
ar 136 137 1
ar 137 138 1
ar 138 139 1
ar 139 140 1
ar 140 141 1
ar 141 142 1
ar 142 143 1
ar 143 144 1
ar 144 145 1
ar 145 146 1
ar 146 147 1
ar 147 148 1
ar 148 149 1
ar 149 150 1
ar 150 151 1
ar 151 152 1
ar 152 153 1
ar 153 154 1
ar 154 155 1
ar 155 156 1
ar 156 157 1
ar 157 158 1
ar 158 159 1
ar 159 160 1
ar 160 161 1
ar 161 162 1
ar 162 163 1
ar 163 164 1
ar 164 165 1
ar 165 166 1
ar 166 167 1
ar 167 168 1
ar 168 169 1
ar 169 170 1
ar 170 171 1
ar 171 172 1
ar 172 173 1
ar 173 174 1
ar 174 175 1
ar 175 176 1
ar 176 177 1
ar 177 178 1
ar 178 179 1
ar 179 180 1
ar 180 181 1
ar 181 182 1
ar 182 183 1
ar 183 184 1
ar 184 185 1
ar 185 186 1
ar 186 187 1
ar 187 188 1
ar 188 189 1
ar 189 190 1
ar 190 191 1
ar 191 192 1
ar 192 193 1
ar 193 194 1
ar 194 195 1
ar 195 196 1
ar 196 197 1
ar 197 198 1
ar 198 199 1
ar 199 200 1
ar 200 201 1
ar 201 202 1
ar 202 203 1
ar 203 204 1
ar 204 205 1
ar 205 206 1
ar 206 207 1
ar 207 208 1
ar 208 209 1
ar 209 210 1
ar 210 211 1
ar 211 212 1
ar 212 213 1
ar 213 214 1
ar 214 215 1
ar 215 216 1
ar 216 217 1
ar 217 218 1
ar 218 219 1
ar 219 220 1
ar 220 221 1
ar 221 222 1
ar 222 223 1
ar 223 224 1
ar 224 225 1
ar 225 226 1
ar 226 227 1
ar 227 228 1
ar 228 229 1
ar 229 230 1
ar 230 231 1
ar 231 232 1
ar 232 233 1
ar 233 234 1
ar 234 235 1
ar 235 236 1
ar 236 237 1
ar 237 238 1
ar 238 239 1
ar 239 240 1
ar 240 241 1
ar 241 242 1
ar 242 243 1
ar 243 244 1
ar 244 245 1
ar 245 246 1
ar 246 247 1
ar 247 248 1
ar 248 249 1
ar 249 250 1
ar 250 251 1
ar 251 252 1
ar 252 253 1
ar 253 254 1
ar 254 255 1
ar 255 256 1
ar 256 257 1
ar 257 258 1
ar 258 259 1
ar 259 260 1
ar 260 261 1
ar 261 262 1
ar 262 263 1
ar 263 264 1
ar 264 265 1
ar 265 266 1
ar 266 267 1
ar 267 268 1
ar 268 269 1
ar 269 270 1
ar 270 271 1
ar 271 272 1
ar 272 273 1
ar 273 274 1
ar 274 275 1
ar 275 276 1
ar 276 277 1
ar 277 278 1
ar 278 279 1
ar 279 280 1
ar 280 281 1
ar 281 282 1
ar 282 283 1
ar 283 284 1
ar 284 285 1
ar 285 286 1
ar 286 287 1
ar 287 288 1
ar 288 289 1
ar 289 290 1
ar 290 291 1
ar 291 292 1
ar 292 293 1
ar 293 294 1
ar 294 295 1
ar 295 296 1
ar 296 297 1
ar 297 298 1
ar 298 299 1
ar 299 300 1
ar 300 301 1
ar 301 302 1
ar 302 303 1
ar 303 304 1
ar 304 305 1
ar 305 306 1
ar 306 307 1
ar 307 308 1
ar 308 309 1
ar 309 310 1
ar 310 311 1
ar 311 312 1
ar 312 313 1
ar 313 314 1
ar 314 315 1
ar 315 316 1
ar 316 317 1
ar 317 318 1
ar 318 319 1
ar 319 320 1
ar 320 321 1
ar 321 322 1
ar 322 323 1
ar 323 324 1
ar 324 325 1
ar 325 326 1
ar 326 327 1
ar 327 328 1
ar 328 329 1
ar 329 330 1
ar 330 331 1
ar 331 332 1
ar 332 333 1
ar 333 334 1
ar 334 335 1
ar 335 336 1
ar 336 337 1
ar 337 338 1
ar 338 339 1
ar 339 340 1
ar 340 341 1
ar 341 342 1
ar 342 343 1
ar 343 344 1
ar 344 345 1
ar 345 346 1
ar 346 347 1
ar 347 348 1
ar 348 349 1
ar 349 350 1
ar 350 351 1
ar 351 352 1
ar 352 353 1
ar 353 354 1
ar 354 355 1
ar 355 356 1
ar 356 357 1
ar 357 358 1
ar 358 359 1
ar 359 360 1
ar 360 361 1
ar 361 362 1
ar 362 363 1
ar 363 364 1
ar 364 365 1
ar 365 366 1
ar 366 367 1
ar 367 368 1
ar 368 369 1
ar 369 370 1
ar 370 371 1
ar 371 372 1
ar 372 373 1
ar 373 374 1
ar 374 375 1
ar 375 376 1
ar 376 377 1
ar 377 378 1
ar 378 379 1
ar 379 380 1
ar 380 381 1
ar 381 382 1
ar 382 383 1
ar 383 384 1
ar 384 385 1
ar 385 386 1
ar 386 387 1
ar 387 388 1
ar 388 389 1
ar 389 390 1
ar 390 391 1
ar 391 392 1
ar 392 393 1
ar 393 394 1
ar 394 395 1
ar 395 396 1
ar 396 397 1
ar 397 398 1
ar 398 399 1
ar 399 400 1
ar 400 401 1
ar 401 402 1
ar 402 403 1
ar 403 404 1
ar 404 405 1
ar 405 406 1
ar 406 407 1
ar 407 408 1
ar 408 409 1
ar 409 410 1
ar 410 411 1
ar 411 412 1
ar 412 413 1
ar 413 414 1
ar 414 415 1
ar 415 416 1
ar 416 417 1
ar 417 418 1
ar 418 419 1
ar 419 420 1
ar 420 421 1
ar 421 422 1
ar 422 423 1
ar 423 424 1
ar 424 425 1
ar 425 426 1
ar 426 427 1
ar 427 428 1
ar 428 429 1
ar 429 430 1
ar 430 431 1
ar 431 432 1
ar 432 433 1
ar 433 434 1
ar 434 435 1
ar 435 436 1
ar 436 437 1
ar 437 438 1
ar 438 439 1
ar 439 440 1
ar 440 441 1
ar 441 442 1
ar 442 443 1
ar 443 444 1
ar 444 445 1
ar 445 446 1
ar 446 447 1
ar 447 448 1
ar 448 449 1
ar 449 450 1
ar 450 451 1
ar 451 452 1
ar 452 453 1
ar 453 454 1
ar 454 455 1
ar 455 456 1
ar 456 457 1
ar 457 458 1
ar 458 459 1
ar 459 460 1
ar 460 461 1
ar 461 462 1
ar 462 463 1
ar 463 464 1
ar 464 465 1
ar 465 466 1
ar 466 467 1
ar 467 468 1
ar 468 469 1
ar 469 470 1
ar 470 471 1
ar 471 472 1
ar 472 473 1
ar 473 474 1
ar 474 475 1
ar 475 476 1
ar 476 477 1
ar 477 478 1
ar 478 479 1
ar 479 480 1
ar 480 481 1
ar 481 482 1
ar 482 483 1
ar 483 484 1
ar 484 485 1
ar 485 486 1
ar 486 487 1
ar 487 488 1
ar 488 489 1
ar 489 490 1
ar 490 491 1
ar 491 492 1
ar 492 493 1
ar 493 494 1
ar 494 495 1
ar 495 496 1
ar 496 497 1
ar 497 498 1
ar 498 499 1
ar 499 500 1
ar 500 501 1
ar 501 502 1
ar 502 503 1
ar 503 504 1
ar 504 505 1
ar 505 506 1
ar 506 507 1
ar 507 508 1
ar 508 509 1
ar 509 510 1
ar 510 511 1
ar 511 512 1
ar 512 513 1
ar 513 514 1
ar 514 515 1
ar 515 516 1
ar 516 517 1
ar 517 518 1
ar 518 519 1
ar 519 520 1
ar 520 521 1
ar 521 522 1
ar 522 523 1
ar 523 524 1
ar 524 525 1
ar 525 526 1
ar 526 527 1
ar 527 528 1
ar 528 529 1
ar 529 530 1
ar 530 531 1
ar 531 532 1
ar 532 533 1
ar 533 534 1
ar 534 535 1
ar 535 536 1
ar 536 537 1
ar 537 538 1
ar 538 539 1
ar 539 540 1
ar 540 541 1
ar 541 542 1
ar 542 543 1
ar 543 544 1
ar 544 545 1
ar 545 546 1
ar 546 547 1
ar 547 548 1
ar 548 549 1
ar 549 550 1
ar 550 551 1
ar 551 552 1
ar 552 553 1
ar 553 554 1
ar 554 555 1
ar 555 556 1
ar 556 557 1
ar 557 558 1
ar 558 559 1
ar 559 560 1
ar 560 561 1
ar 561 562 1
ar 562 563 1
ar 563 564 1
ar 564 565 1
ar 565 566 1
ar 566 567 1
ar 567 568 1
ar 568 569 1
ar 569 570 1
ar 570 571 1
ar 571 572 1
ar 572 573 1
ar 573 574 1
ar 574 575 1
ar 575 576 1
ar 576 577 1
ar 577 578 1
ar 578 579 1
ar 579 580 1
ar 580 581 1
ar 581 582 1
ar 582 583 1
ar 583 584 1
ar 584 585 1
ar 585 586 1
ar 586 587 1
ar 587 588 1
ar 588 589 1
ar 589 590 1
ar 590 591 1
ar 591 592 1
ar 592 593 1
ar 593 594 1
ar 594 595 1
ar 595 596 1
ar 596 597 1
ar 597 598 1
ar 598 599 1
ar 599 600 1
ar 600 601 1
ar 601 602 1
ar 602 603 1
ar 603 604 1
ar 604 605 1
ar 605 606 1
ar 606 607 1
ar 607 608 1
ar 608 609 1
ar 609 610 1
ar 610 611 1
ar 611 612 1
ar 612 613 1
ar 613 614 1
ar 614 615 1
ar 615 616 1
ar 616 617 1
ar 617 618 1
ar 618 619 1
ar 619 620 1
ar 620 621 1
ar 621 622 1
ar 622 623 1
ar 623 624 1
ar 624 625 1
ar 625 626 1
ar 626 627 1
ar 627 628 1
ar 628 629 1
ar 629 630 1
ar 630 631 1
ar 631 632 1
ar 632 633 1
ar 633 634 1
ar 634 635 1
ar 635 636 1
ar 636 637 1
ar 637 638 1
ar 638 639 1
ar 639 640 1
ar 640 641 1
ar 641 642 1
ar 642 643 1
ar 643 644 1
ar 644 645 1
ar 645 646 1
ar 646 647 1
ar 647 648 1
ar 648 649 1
ar 649 650 1
ar 650 651 1
ar 651 652 1
ar 652 653 1
ar 653 654 1
ar 654 655 1
ar 655 656 1
ar 656 657 1
ar 657 658 1
ar 658 659 1
ar 659 660 1
ar 660 661 1
ar 661 662 1
ar 662 663 1
ar 663 664 1
ar 664 665 1
ar 665 666 1
ar 666 667 1
ar 667 668 1
ar 668 669 1
ar 669 670 1
ar 670 671 1
ar 671 672 1
ar 672 673 1
ar 673 674 1
ar 674 675 1
ar 675 676 1
ar 676 677 1
ar 677 678 1
ar 678 679 1
ar 679 680 1
ar 680 681 1
ar 681 682 1
ar 682 683 1
ar 683 684 1
ar 684 685 1
ar 685 686 1
ar 686 687 1
ar 687 688 1
ar 688 689 1
ar 689 690 1
ar 690 691 1
ar 691 692 1
ar 692 693 1
ar 693 694 1
ar 694 695 1
ar 695 696 1
ar 696 697 1
ar 697 698 1
ar 698 699 1
ar 699 700 1
ar 700 701 1
ar 701 702 1
ar 702 703 1
ar 703 704 1
ar 704 705 1
ar 705 706 1
ar 706 707 1
ar 707 708 1
ar 708 709 1
ar 709 710 1
ar 710 711 1
ar 711 712 1
ar 712 713 1
ar 713 714 1
ar 714 715 1
ar 715 716 1
ar 716 717 1
ar 717 718 1
ar 718 719 1
ar 719 720 1
ar 720 721 1
ar 721 722 1
ar 722 723 1
ar 723 724 1
ar 724 725 1
ar 725 726 1
ar 726 727 1
ar 727 728 1
ar 728 729 1
ar 729 730 1
ar 730 731 1
ar 731 732 1
ar 732 733 1
ar 733 734 1
ar 734 735 1
ar 735 736 1
ar 736 737 1
ar 737 738 1
ar 738 739 1
ar 739 740 1
ar 740 741 1
ar 741 742 1
ar 742 743 1
ar 743 744 1
ar 744 745 1
ar 745 746 1
ar 746 747 1
ar 747 748 1
ar 748 749 1
ar 749 750 1
ar 750 751 1
ar 751 752 1
ar 752 753 1
ar 753 754 1
ar 754 755 1
ar 755 756 1
ar 756 757 1
ar 757 758 1
ar 758 759 1
ar 759 760 1
ar 760 761 1
ar 761 762 1
ar 762 763 1
ar 763 764 1
ar 764 765 1
ar 765 766 1
ar 766 767 1
ar 767 768 1
ar 768 769 1
ar 769 770 1
ar 770 771 1
ar 771 772 1
ar 772 773 1
ar 773 774 1
ar 774 775 1
ar 775 776 1
ar 776 777 1
ar 777 778 1
ar 778 779 1
ar 779 780 1
ar 780 781 1
ar 781 782 1
ar 782 783 1
ar 783 784 1
ar 784 785 1
ar 785 786 1
ar 786 787 1
ar 787 788 1
ar 788 789 1
ar 789 790 1
ar 790 791 1
ar 791 792 1
ar 792 793 1
ar 793 794 1
ar 794 795 1
ar 795 796 1
ar 796 797 1
ar 797 798 1
ar 798 799 1
ar 799 800 1
ar 800 801 1
ar 801 802 1
ar 802 803 1
ar 803 804 1
ar 804 805 1
ar 805 806 1
ar 806 807 1
ar 807 808 1
ar 808 809 1
ar 809 810 1
ar 810 811 1
ar 811 812 1
ar 812 813 1
ar 813 814 1
ar 814 815 1
ar 815 816 1
ar 816 817 1
ar 817 818 1
ar 818 819 1
ar 819 820 1
ar 820 821 1
ar 821 822 1
ar 822 823 1
ar 823 824 1
ar 824 825 1
ar 825 826 1
ar 826 827 1
ar 827 828 1
ar 828 829 1
ar 829 830 1
ar 830 831 1
ar 831 832 1
ar 832 833 1
ar 833 834 1
ar 834 835 1
ar 835 836 1
ar 836 837 1
ar 837 838 1
ar 838 839 1
ar 839 840 1
ar 840 841 1
ar 841 842 1
ar 842 843 1
ar 843 844 1
ar 844 845 1
ar 845 846 1
ar 846 847 1
ar 847 848 1
ar 848 849 1
ar 849 850 1
ar 850 851 1
ar 851 852 1
ar 852 853 1
ar 853 854 1
ar 854 855 1
ar 855 856 1
ar 856 857 1
ar 857 858 1
ar 858 859 1
ar 859 860 1
ar 860 861 1
ar 861 862 1
ar 862 863 1
ar 863 864 1
ar 864 865 1
ar 865 866 1
ar 866 867 1
ar 867 868 1
ar 868 869 1
ar 869 870 1
ar 870 871 1
ar 871 872 1
ar 872 873 1
ar 873 874 1
ar 874 875 1
ar 875 876 1
ar 876 877 1
ar 877 878 1
ar 878 879 1
ar 879 880 1
ar 880 881 1
ar 881 882 1
ar 882 883 1
ar 883 884 1
ar 884 885 1
ar 885 886 1
ar 886 887 1
ar 887 888 1
ar 888 889 1
ar 889 890 1
ar 890 891 1
ar 891 892 1
ar 892 893 1
ar 893 894 1
ar 894 895 1
ar 895 896 1
ar 896 897 1
ar 897 898 1
ar 898 899 1
ar 899 900 1
ar 900 901 1
ar 901 902 1
ar 902 903 1
ar 903 904 1
ar 904 905 1
ar 905 906 1
ar 906 907 1
ar 907 908 1
ar 908 909 1
ar 909 910 1
ar 910 911 1
ar 911 912 1
ar 912 913 1
ar 913 914 1
ar 914 915 1
ar 915 916 1
ar 916 917 1
ar 917 918 1
ar 918 919 1
ar 919 920 1
ar 920 921 1
ar 921 922 1
ar 922 923 1
ar 923 924 1
ar 924 925 1
ar 925 926 1
ar 926 927 1
ar 927 928 1
ar 928 929 1
ar 929 930 1
ar 930 931 1
ar 931 932 1
ar 932 933 1
ar 933 934 1
ar 934 935 1
ar 935 936 1
ar 936 937 1
ar 937 938 1
ar 938 939 1
ar 939 940 1
ar 940 941 1
ar 941 942 1
ar 942 943 1
ar 943 944 1
ar 944 945 1
ar 945 946 1
ar 946 947 1
ar 947 948 1
ar 948 949 1
ar 949 950 1
ar 950 951 1
ar 951 952 1
ar 952 953 1
ar 953 954 1
ar 954 955 1
ar 955 956 1
ar 956 957 1
ar 957 958 1
ar 958 959 1
ar 959 960 1
ar 960 961 1
ar 961 962 1
ar 962 963 1
ar 963 964 1
ar 964 965 1
ar 965 966 1
ar 966 967 1
ar 967 968 1
ar 968 969 1
ar 969 970 1
ar 970 971 1
ar 971 972 1
ar 972 973 1
ar 973 974 1
ar 974 975 1
ar 975 976 1
ar 976 977 1
ar 977 978 1
ar 978 979 1
ar 979 980 1
ar 980 981 1
ar 981 982 1
ar 982 983 1
ar 983 984 1
ar 984 985 1
ar 985 986 1
ar 986 987 1
ar 987 988 1
ar 988 989 1
ar 989 990 1
ar 990 991 1
ar 991 992 1
ar 992 993 1
ar 993 994 1
ar 994 995 1
ar 995 996 1
ar 996 997 1
ar 997 998 1
ar 998 999 1
ar 999 1000 1
ar 1000 1001 1
ar 1001 1002 1
ar 1002 1003 1
ar 1003 1004 1
ar 1004 1005 1
ar 1005 1006 1
ar 1006 1007 1
ar 1007 1008 1
ar 1008 1009 1
ar 1009 1010 1
ar 1010 1011 1
ar 1011 1012 1
ar 1012 1013 1
ar 1013 1014 1
ar 1014 1015 1
ar 1015 1016 1
ar 1016 1017 1
ar 1017 1018 1
ar 1018 1019 1
ar 1019 1020 1
ar 1020 1021 1
ar 1021 1022 1
ar 1022 1023 1
ar 1023 1024 1
ar 1024 1025 1
ar 1025 1026 1
ar 1026 1027 1
ar 1027 1028 1
ar 1028 1029 1
ar 1029 1030 1
ar 1030 1031 1
ar 1031 1032 1
ar 1032 1033 1
ar 1033 1034 1
ar 1034 1035 1
ar 1035 1036 1
ar 1036 1037 1
ar 1037 1038 1
ar 1038 1039 1
ar 1039 1040 1
ar 1040 1041 1
ar 1041 1042 1
ar 1042 1043 1
ar 1043 1044 1
ar 1044 1045 1
ar 1045 1046 1
ar 1046 1047 1
ar 1047 1048 1
ar 1048 1049 1
ar 1049 1050 1
ar 1050 1051 1
ar 1051 1052 1
ar 1052 1053 1
ar 1053 1054 1
ar 1054 1055 1
ar 1055 1056 1
ar 1056 1057 1
ar 1057 1058 1
ar 1058 1059 1
ar 1059 1060 1
ar 1060 1061 1
ar 1061 1062 1
ar 1062 1063 1
ar 1063 1064 1
ar 1064 1065 1
ar 1065 1066 1
ar 1066 1067 1
ar 1067 1068 1
ar 1068 1069 1
ar 1069 1070 1
ar 1070 1071 1
ar 1071 1072 1
ar 1072 1073 1
ar 1073 1074 1
ar 1074 1075 1
ar 1075 1076 1
ar 1076 1077 1
ar 1077 1078 1
ar 1078 1079 1
ar 1079 1080 1
ar 1080 1081 1
ar 1081 1082 1
ar 1082 1083 1
ar 1083 1084 1
ar 1084 1085 1
ar 1085 1086 1
ar 1086 1087 1
ar 1087 1088 1
ar 1088 1089 1
ar 1089 1090 1
ar 1090 1091 1
ar 1091 1092 1
ar 1092 1093 1
ar 1093 1094 1
ar 1094 1095 1
ar 1095 1096 1
ar 1096 1097 1
ar 1097 1098 1
ar 1098 1099 1
ar 1099 1100 1
ar 1100 1101 1
ar 1101 1102 1
ar 1102 1103 1
ar 1103 1104 1
ar 1104 1105 1
ar 1105 1106 1
ar 1106 1107 1
ar 1107 1108 1
ar 1108 1109 1
ar 1109 1110 1
ar 1110 1111 1
ar 1111 1112 1
ar 1112 1113 1
ar 1113 1114 1
ar 1114 1115 1
ar 1115 1116 1
ar 1116 1117 1
ar 1117 1118 1
ar 1118 1119 1
ar 1119 1120 1
ar 1120 1121 1
ar 1121 1122 1
ar 1122 1123 1
ar 1123 1124 1
ar 1124 1125 1
ar 1125 1126 1
ar 1126 1127 1
ar 1127 1128 1
ar 1128 1129 1
ar 1129 1130 1
ar 1130 1131 1
ar 1131 1132 1
ar 1132 1133 1
ar 1133 1134 1
ar 1134 1135 1
ar 1135 1136 1
ar 1136 1137 1
ar 1137 1138 1
ar 1138 1139 1
ar 1139 1140 1
ar 1140 1141 1
ar 1141 1142 1
ar 1142 1143 1
ar 1143 1144 1
ar 1144 1145 1
ar 1145 1146 1
ar 1146 1147 1
ar 1147 1148 1
ar 1148 1149 1
ar 1149 1150 1
ar 1150 1151 1
ar 1151 1152 1
ar 1152 1153 1
ar 1153 1154 1
ar 1154 1155 1
ar 1155 1156 1
ar 1156 1157 1
ar 1157 1158 1
ar 1158 1159 1
ar 1159 1160 1
ar 1160 1161 1
ar 1161 1162 1
ar 1162 1163 1
ar 1163 1164 1
ar 1164 1165 1
ar 1165 1166 1
ar 1166 1167 1
ar 1167 1168 1
ar 1168 1169 1
ar 1169 1170 1
ar 1170 1171 1
ar 1171 1172 1
ar 1172 1173 1
ar 1173 1174 1
ar 1174 1175 1
ar 1175 1176 1
ar 1176 1177 1
ar 1177 1178 1
ar 1178 1179 1
ar 1179 1180 1
ar 1180 1181 1
ar 1181 1182 1
ar 1182 1183 1
ar 1183 1184 1
ar 1184 1185 1
ar 1185 1186 1
ar 1186 1187 1
ar 1187 1188 1
ar 1188 1189 1
ar 1189 1190 1
ar 1190 1191 1
ar 1191 1192 1
ar 1192 1193 1
ar 1193 1194 1
ar 1194 1195 1
ar 1195 1196 1
ar 1196 1197 1
ar 1197 1198 1
ar 1198 1199 1
ar 1199 1200 1
ar 1200 1201 1
ar 1201 1202 1
ar 1202 1203 1
ar 1203 1204 1
ar 1204 1205 1
ar 1205 1206 1
ar 1206 1207 1
ar 1207 1208 1
ar 1208 1209 1
ar 1209 1210 1
ar 1210 1211 1
ar 1211 1212 1
ar 1212 1213 1
ar 1213 1214 1
ar 1214 1215 1
ar 1215 1216 1
ar 1216 1217 1
ar 1217 1218 1
ar 1218 1219 1
ar 1219 1220 1
ar 1220 1221 1
ar 1221 1222 1
ar 1222 1223 1
ar 1223 1224 1
ar 1224 1225 1
ar 1225 1226 1
ar 1226 1227 1
ar 1227 1228 1
ar 1228 1229 1
ar 1229 1230 1
ar 1230 1231 1
ar 1231 1232 1
ar 1232 1233 1
ar 1233 1234 1
ar 1234 1235 1
ar 1235 1236 1
ar 1236 1237 1
ar 1237 1238 1
ar 1238 1239 1
ar 1239 1240 1
ar 1240 1241 1
ar 1241 1242 1
ar 1242 1243 1
ar 1243 1244 1
ar 1244 1245 1
ar 1245 1246 1
ar 1246 1247 1
ar 1247 1248 1
ar 1248 1249 1
ar 1249 1250 1
ar 1250 1251 1
ar 1251 1252 1
ar 1252 1253 1
ar 1253 1254 1
ar 1254 1255 1
ar 1255 1256 1
ar 1256 1257 1
ar 1257 1258 1
ar 1258 1259 1
ar 1259 1260 1
ar 1260 1261 1
ar 1261 1262 1
ar 1262 1263 1
ar 1263 1264 1
ar 1264 1265 1
ar 1265 1266 1
ar 1266 1267 1
ar 1267 1268 1
ar 1268 1269 1
ar 1269 1270 1
ar 1270 1271 1
ar 1271 1272 1
ar 1272 1273 1
ar 1273 1274 1
ar 1274 1275 1
ar 1275 1276 1
ar 1276 1277 1
ar 1277 1278 1
ar 1278 1279 1
ar 1279 1280 1
ar 1280 1281 1
ar 1281 1282 1
ar 1282 1283 1
ar 1283 1284 1
ar 1284 1285 1
ar 1285 1286 1
ar 1286 1287 1
ar 1287 1288 1
ar 1288 1289 1
ar 1289 1290 1
ar 1290 1291 1
ar 1291 1292 1
ar 1292 1293 1
ar 1293 1294 1
ar 1294 1295 1
ar 1295 1296 1
ar 1296 1297 1
ar 1297 1298 1
ar 1298 1299 1
ar 1299 1300 1
ar 1300 1301 1
ar 1301 1302 1
ar 1302 1303 1
ar 1303 1304 1
ar 1304 1305 1
ar 1305 1306 1
ar 1306 1307 1
ar 1307 1308 1
ar 1308 1309 1
ar 1309 1310 1
ar 1310 1311 1
ar 1311 1312 1
ar 1312 1313 1
ar 1313 1314 1
ar 1314 1315 1
ar 1315 1316 1
ar 1316 1317 1
ar 1317 1318 1
ar 1318 1319 1
ar 1319 1320 1
ar 1320 1321 1
ar 1321 1322 1
ar 1322 1323 1
ar 1323 1324 1
ar 1324 1325 1
ar 1325 1326 1
ar 1326 1327 1
ar 1327 1328 1
ar 1328 1329 1
ar 1329 1330 1
ar 1330 1331 1
ar 1331 1332 1
ar 1332 1333 1
ar 1333 1334 1
ar 1334 1335 1
ar 1335 1336 1
ar 1336 1337 1
ar 1337 1338 1
ar 1338 1339 1
ar 1339 1340 1
ar 1340 1341 1
ar 1341 1342 1
ar 1342 1343 1
ar 1343 1344 1
ar 1344 1345 1
ar 1345 1346 1
ar 1346 1347 1
ar 1347 1348 1
ar 1348 1349 1
ar 1349 1350 1
ar 1350 1351 1
ar 1351 1352 1
ar 1352 1353 1
ar 1353 1354 1
ar 1354 1355 1
ar 1355 1356 1
ar 1356 1357 1
ar 1357 1358 1
ar 1358 1359 1
ar 1359 1360 1
ar 1360 1361 1
ar 1361 1362 1
ar 1362 1363 1
ar 1363 1364 1
ar 1364 1365 1
ar 1365 1366 1
ar 1366 1367 1
ar 1367 1368 1
ar 1368 1369 1
ar 1369 1370 1
ar 1370 1371 1
ar 1371 1372 1
ar 1372 1373 1
ar 1373 1374 1
ar 1374 1375 1
ar 1375 1376 1
ar 1376 1377 1
ar 1377 1378 1
ar 1378 1379 1
ar 1379 1380 1
ar 1380 1381 1
ar 1381 1382 1
ar 1382 1383 1
ar 1383 1384 1
ar 1384 1385 1
ar 1385 1386 1
ar 1386 1387 1
ar 1387 1388 1
ar 1388 1389 1
ar 1389 1390 1
ar 1390 1391 1
ar 1391 1392 1
ar 1392 1393 1
ar 1393 1394 1
ar 1394 1395 1
ar 1395 1396 1
ar 1396 1397 1
ar 1397 1398 1
ar 1398 1399 1
ar 1399 1400 1
ar 1400 1401 1
ar 1401 1402 1
ar 1402 1403 1
ar 1403 1404 1
ar 1404 1405 1
ar 1405 1406 1
ar 1406 1407 1
ar 1407 1408 1
ar 1408 1409 1
ar 1409 1410 1
ar 1410 1411 1
ar 1411 1412 1
ar 1412 1413 1
ar 1413 1414 1
ar 1414 1415 1
ar 1415 1416 1
ar 1416 1417 1
ar 1417 1418 1
ar 1418 1419 1
ar 1419 1420 1
ar 1420 1421 1
ar 1421 1422 1
ar 1422 1423 1
ar 1423 1424 1
ar 1424 1425 1
ar 1425 1426 1
ar 1426 1427 1
ar 1427 1428 1
ar 1428 1429 1
ar 1429 1430 1
ar 1430 1431 1
ar 1431 1432 1
ar 1432 1433 1
ar 1433 1434 1
ar 1434 1435 1
ar 1435 1436 1
ar 1436 1437 1
ar 1437 1438 1
ar 1438 1439 1
ar 1439 1440 1
ar 1440 1441 1
ar 1441 1442 1
ar 1442 1443 1
ar 1443 1444 1
ar 1444 1445 1
ar 1445 1446 1
ar 1446 1447 1
ar 1447 1448 1
ar 1448 1449 1
ar 1449 1450 1
ar 1450 1451 1
ar 1451 1452 1
ar 1452 1453 1
ar 1453 1454 1
ar 1454 1455 1
ar 1455 1456 1
ar 1456 1457 1
ar 1457 1458 1
ar 1458 1459 1
ar 1459 1460 1
ar 1460 1461 1
ar 1461 1462 1
ar 1462 1463 1
ar 1463 1464 1
ar 1464 1465 1
ar 1465 1466 1
ar 1466 1467 1
ar 1467 1468 1
ar 1468 1469 1
ar 1469 1470 1
ar 1470 1471 1
ar 1471 1472 1
ar 1472 1473 1
ar 1473 1474 1
ar 1474 1475 1
ar 1475 1476 1
ar 1476 1477 1
ar 1477 1478 1
ar 1478 1479 1
ar 1479 1480 1
ar 1480 1481 1
ar 1481 1482 1
ar 1482 1483 1
ar 1483 1484 1
ar 1484 1485 1
ar 1485 1486 1
ar 1486 1487 1
ar 1487 1488 1
ar 1488 1489 1
ar 1489 1490 1
ar 1490 1491 1
ar 1491 1492 1
ar 1492 1493 1
ar 1493 1494 1
ar 1494 1495 1
ar 1495 1496 1
ar 1496 1497 1
ar 1497 1498 1
ar 1498 1499 1
ar 1499 1500 1
mr 1499 1500 -1
Ok
Ok
Ok
Ok
Ok
Ok
Ok
Ok
Ok
Ok
Ok
Ok
Ok
Ok
Ok
Ok
Ok
Ok
Ok
Ok
Ok
Ok
Ok
Ok
Ok
Ok
Ok
Ok
Ok
Ok
Ok
Ok
Ok
Ok
Ok
Ok
Ok
Ok
Ok
Ok
Ok
Ok
Ok
Ok
Ok
Ok
Ok
Ok
Ok
Ok
Ok
Ok
Ok
Ok
Ok
Ok
Ok
Ok
Ok
Ok
Ok
Ok
Ok
Ok
Ok
Ok
Ok
Ok
Ok
Ok
Ok
Ok
Ok
Ok
Ok
Ok
Ok
Ok
Ok
Ok
Ok
Ok
Ok
Ok
Ok
Ok
Ok
Ok
Ok
Ok
Ok
Ok
Ok
Ok
Ok
Ok
Ok
Ok
Ok
Ok
Ok
Ok
Ok
Ok
Ok
Ok
Ok
Ok
Ok
Ok
Ok
Ok
Ok
Ok
Ok
Ok
Ok
Ok
Ok
Ok
Ok
Ok
Ok
Ok
Ok
Ok
Ok
Ok
Ok
Ok
Ok
Ok
Ok
Ok
Ok
Ok
Ok
Ok
Ok
Ok
Ok
Ok
Ok
Ok
Ok
Ok
Ok
Ok
Ok
Ok
Ok
Ok
Ok
Ok
Ok
Ok
Ok
Ok
Ok
Ok
Ok
Ok
Ok
Ok
Ok
Ok
Ok
Ok
Ok
Ok
Ok
Ok
Ok
Ok
Ok
Ok
Ok
Ok
Ok
Ok
Ok
Ok
Ok
Ok
Ok
Ok
Ok
Ok
Ok
Ok
Ok
Ok
Ok
Ok
Ok
Ok
Ok
Ok
Ok
Ok
Ok
Ok
Ok
Ok
Ok
Ok
Ok
Ok
Ok
Ok
Ok
Ok
Ok
Ok
Ok
Ok
Ok
Ok
Ok
Ok
Ok
Ok
Ok
Ok
Ok
Ok
Ok
Ok
Ok
Ok
Ok
Ok
Ok
Ok
Ok
Ok
Ok
Ok
Ok
Ok
Ok
Ok
Ok
Ok
Ok
Ok
Ok
Ok
Ok
Ok
Ok
Ok
Ok
Ok
Ok
Ok
Ok
Ok
Ok
Ok
Ok
Ok
Ok
Ok
Ok
Ok
Ok
Ok
Ok
Ok
Ok
Ok
Ok
Ok
Ok
Ok
Ok
Ok
Ok
Ok
Ok
Ok
Ok
Ok
Ok
Ok
Ok
Ok
Ok
Ok
Ok
Ok
Ok
Ok
Ok
Ok
Ok
Ok
Ok
Ok
Ok
Ok
Ok
Ok
Ok
Ok
Ok
Ok
Ok
Ok
Ok
Ok
Ok
Ok
Ok
Ok
Ok
Ok
Ok
Ok
Ok
Ok
Ok
Ok
Ok
Ok
Ok
Ok
Ok
Ok
Ok
Ok
Ok
Ok
Ok
Ok
Ok
Ok
Ok
Ok
Ok
Ok
Ok
Ok
Ok
Ok
Ok
Ok
Ok
Ok
Ok
Ok
Ok
Ok
Ok
Ok
Ok
Ok
Ok
Ok
Ok
Ok
Ok
Ok
Ok
Ok
Ok
Ok
Ok
Ok
Ok
Ok
Ok
Ok
Ok
Ok
Ok
Ok
Ok
Ok
Ok
Ok
Ok
Ok
Ok
Ok
Ok
Ok
Ok
Ok
Ok
Ok
Ok
Ok
Ok
Ok
Ok
Ok
Ok
Ok
Ok
Ok
Ok
Ok
Ok
Ok
Ok
Ok
Ok
Ok
Ok
Ok
Ok
Ok
Ok
Ok
Ok
Ok
Ok
Ok
Ok
Ok
Ok
Ok
Ok
Ok
Ok
Ok
Ok
Ok
Ok
Ok
Ok
Ok
Ok
Ok
Ok
Ok
Ok
Ok
Ok
Ok
Ok
Ok
Ok
Ok
Ok
Ok
Ok
Ok
Ok
Ok
Ok
Ok
Ok
Ok
Ok
Ok
Ok
Ok
Ok
Ok
Ok
Ok
Ok
Ok
Ok
Ok
Ok
Ok
Ok
Ok
Ok
Ok
Ok
Ok
Ok
Ok
Ok
Ok
Ok
Ok
Ok
Ok
Ok
Ok
Ok
Ok
Ok
Ok
Ok
Ok
Ok
Ok
Ok
Ok
Ok
Ok
Ok
Ok
Ok
Ok
Ok
Ok
Ok
Ok
Ok
Ok
Ok
Ok
Ok
Ok
Ok
Ok
Ok
Ok
Ok
Ok
Ok
Ok
Ok
Ok
Ok
Ok
Ok
Ok
Ok
Ok
Ok
Ok
Ok
Ok
Ok
Ok
Ok
Ok
Ok
Ok
Ok
Ok
Ok
Ok
Ok
Ok
Ok
Ok
Ok
Ok
Ok
Ok
Ok
Ok
Ok
Ok
Ok
Ok
Ok
Ok
Ok
Ok
Ok
Ok
Ok
Ok
Ok
Ok
Ok
Ok
Ok
Ok
Ok
Ok
Ok
Ok
Ok
Ok
Ok
Ok
Ok
Ok
Ok
Ok
Ok
Ok
Ok
Ok
Ok
Ok
Ok
Ok
Ok
Ok
Ok
Ok
Ok
Ok
Ok
Ok
Ok
Ok
Ok
Ok
Ok
Ok
Ok
Ok
Ok
Ok
Ok
Ok
Ok
Ok
Ok
Ok
Ok
Ok
Ok
Ok
Ok
Ok
Ok
Ok
Ok
Ok
Ok
Ok
Ok
Ok
Ok
Ok
Ok
Ok
Ok
Ok
Ok
Ok
Ok
Ok
Ok
Ok
Ok
Ok
Ok
Ok
Ok
Ok
Ok
Ok
Ok
Ok
Ok
Ok
Ok
Ok
Ok
Ok
Ok
Ok
Ok
Ok
Ok
Ok
Ok
Ok
Ok
Ok
Ok
Ok
Ok
Ok
Ok
Ok
Ok
Ok
Ok
Ok
Ok
Ok
Ok
Ok
Ok
Ok
Ok
Ok
Ok
Ok
Ok
Ok
Ok
Ok
Ok
Ok
Ok
Ok
Ok
Ok
Ok
Ok
Ok
Ok
Ok
Ok
Ok
Ok
Ok
Ok
Ok
Ok
Ok
Ok
Ok
Ok
Ok
Ok
Ok
Ok
Ok
Ok
Ok
Ok
Ok
Ok
Ok
Ok
Ok
Ok
Ok
Ok
Ok
Ok
Ok
Ok
Ok
Ok
Ok
Ok
Ok
Ok
Ok
Ok
Ok
Ok
Ok
Ok
Ok
Ok
Ok
Ok
Ok
Ok
Ok
Ok
Ok
Ok
Ok
Ok
Ok
Ok
Ok
Ok
Ok
Ok
Ok
Ok
Ok
Ok
Ok
Ok
Ok
Ok
Ok
Ok
Ok
Ok
Ok
Ok
Ok
Ok
Ok
Ok
Ok
Ok
Ok
Ok
Ok
Ok
Ok
Ok
Ok
Ok
Ok
Ok
Ok
Ok
Ok
Ok
Ok
Ok
Ok
Ok
Ok
Ok
Ok
Ok
Ok
Ok
Ok
Ok
Ok
Ok
Ok
Ok
Ok
Ok
Ok
Ok
Ok
Ok
Ok
Ok
Ok
Ok
Ok
Ok
Ok
Ok
Ok
Ok
Ok
Ok
Ok
Ok
Ok
Ok
Ok
Ok
Ok
Ok
Ok
Ok
Ok
Ok
Ok
Ok
Ok
Ok
Ok
Ok
Ok
Ok
Ok
Ok
Ok
Ok
Ok
Ok
Ok
Ok
Ok
Ok
Ok
Ok
Ok
Ok
Ok
Ok
Ok
Ok
Ok
Ok
Ok
Ok
Ok
Ok
Ok
Ok
Ok
Ok
Ok
Ok
Ok
Ok
Ok
Ok
Ok
Ok
Ok
Ok
Ok
Ok
Ok
Ok
Ok
Ok
Ok
Ok
Ok
Ok
Ok
Ok
Ok
Ok
Ok
Ok
Ok
Ok
Ok
Ok
Ok
Ok
Ok
Ok
Ok
Ok
Ok
Ok
Ok
Ok
Ok
Ok
Ok
Ok
Ok
Ok
Ok
Ok
Ok
Ok
Ok
Ok
Ok
Ok
Ok
Ok
Ok
Ok
Ok
Ok
Ok
Ok
Ok
Ok
Ok
Ok
Ok
Ok
Ok
Ok
Ok
Ok
Ok
Ok
Ok
Ok
Ok
Ok
Ok
Ok
Ok
Ok
Ok
Ok
Ok
Ok
Ok
Ok
Ok
Ok
Ok
Ok
Ok
Ok
Ok
Ok
Ok
Ok
Ok
Ok
Ok
Ok
Ok
Ok
Ok
Ok
Ok
Ok
Ok
Ok
Ok
Ok
Ok
Ok
Ok
Ok
Ok
Ok
Ok
Ok
Ok
Ok
Ok
Ok
Ok
Ok
Ok
Ok
Ok
Ok
Ok
Ok
Ok
Ok
Ok
Ok
Ok
Ok
Ok
Ok
Ok
Ok
Ok
Ok
Ok
Ok
Ok
Ok
Ok
Ok
Ok
Ok
Ok
Ok
Ok
Ok
Ok
Ok
Ok
Ok
Ok
Ok
Ok
Ok
Ok
Ok
Ok
Ok
Ok
Ok
Ok
Ok
Ok
Ok
Ok
Ok
Ok
Ok
Ok
Ok
Ok
Ok
Ok
Ok
Ok
Ok
Ok
Ok
Ok
Ok
Ok
Ok
Ok
Ok
Ok
Ok
Ok
Ok
Ok
Ok
Ok
Ok
Ok
Ok
Ok
Ok
Ok
Ok
Ok
Ok
Ok
Ok
Ok
Ok
Ok
Ok
Ok
Ok
Ok
Ok
Ok
Ok
Ok
Ok
Ok
Ok
Ok
Ok
Ok
Ok
Ok
Ok
Ok
Ok
Ok
Ok
Ok
Ok
Ok
Ok
Ok
Ok
Ok
Ok
Ok
Ok
Ok
Ok
Ok
Ok
Ok
Ok
Ok
Ok
Ok
Ok
Ok
Ok
Ok
Ok
Ok
Ok
Ok
Ok
Ok
Ok
Ok
Ok
Ok
Ok
Ok
Ok
Ok
Ok
Ok
Ok
Ok
Ok
Ok
Ok
Ok
Ok
Ok
Ok
Ok
Ok
Ok
Ok
Ok
Ok
Ok
Ok
Ok
Ok
Ok
Ok
Ok
Ok
Ok
Ok
Ok
Ok
Ok
Ok
Ok
Ok
Ok
Ok
Ok
Ok
Ok
Ok
Ok
Ok
Ok
Ok
Ok
Ok
Ok
Ok
Ok
Ok
Ok
Ok
Ok
Ok
Ok
Ok
Ok
Ok
Ok
Ok
Ok
Ok
Ok
Ok
Ok
Ok
Ok
Ok
Ok
Ok
Ok
Ok
Ok
Ok
Ok
Ok
Ok
Ok
Ok
Ok
Ok
Ok
Ok
Ok
Ok
Ok
Ok
Ok
Ok
Ok
Ok
Ok
Ok
Ok
Ok
Ok
Ok
Ok
Ok
Ok
Ok
Ok
Ok
Ok
Ok
Ok
Ok
Ok
Ok
Ok
Ok
Ok
Ok
Ok
Ok
Ok
Ok
Ok
Ok
Ok
Ok
Ok
Ok
Ok
Ok
Ok
Ok
Ok
Ok
Ok
Ok
Ok
Ok
Ok
Ok
Ok
Ok
Ok
Ok
Ok
Ok
Ok
Ok
Ok
Ok
Ok
Ok
Ok
Ok
Ok
Ok
Ok
Ok
Ok
Ok
Ok
Ok
Ok
Ok
Ok
Ok
Ok
Ok
Ok
Ok
Ok
Ok
Ok
Ok
Ok
Ok
Ok
Ok
Ok
Ok
Ok
Ok
Ok
Ok
Ok
Ok
Ok
Ok
Ok
Ok
Ok
Ok
Ok
Ok
Ok
Ok
Ok
Ok
Ok
Ok
Ok
Ok
Ok
Ok
Ok
Ok
Ok
Ok
Ok
Ok
Ok
Ok
Ok
Ok
Ok
Ok
Ok
Ok
Ok
Ok
Ok
Ok
Ok
Ok
Ok
Ok
Ok
Ok
Ok
Ok
Ok
Ok
Ok
Ok
Ok
Ok
Ok
Ok
Ok
Ok
Ok
Ok
Ok
Ok
Ok
Ok
Ok
Ok
Ok
Ok
Ok
Ok
Ok
Ok
Ok
Ok
Ok
Ok
Ok
Ok
Ok
Ok
Ok
Ok
Ok
Ok
Ok
Ok
Ok
Ok
Ok
Ok
Ok
Ok
Ok
Ok
Ok
Ok
Ok
Ok
Ok
Ok
Ok
Ok
Ok
Ok
Ok
Ok
Ok
Ok
Ok
Ok
Ok
Ok
Ok
Ok
Ok
Ok
Ok
Ok
Ok
Ok
Ok
Ok
Ok
Ok
Ok
Ok
Ok
Ok
Ok
Ok
Ok
Ok
Ok
Ok
Ok
Ok
Ok
Ok
Ok
Ok
Ok
Ok
Ok
Ok
Ok
Ok
Ok
Ok
Ok
Ok
Ok
Ok
Ok
Ok
Ok
Ok
Ok
Ok
Ok
Ok
Ok
Ok
Ok
Ok
Ok
Ok
Ok
Ok
Ok
Ok
Ok
Ok
Ok
Ok
Ok
Ok
Ok
Ok
Ok
Ok
Ok
Ok
Ok
Ok
Ok
Ok
Ok
Ok
Ok
Ok
Ok
Ok
Ok
Ok
Ok
Ok
Ok
Ok
Ok
Ok
Ok
Ok
Ok
Ok
Ok
Ok
Ok
Ok
Ok
Ok
Ok
Ok
Ok
Ok
Ok
Ok
Ok
Ok
Ok
Ok
Ok
Ok
Ok
Ok
Ok
Ok
Ok
Ok
Ok
Ok
Ok
Ok
Ok
Ok
Ok
Ok
Ok
Ok
Ok
Ok
Ok
Ok
Ok
Ok
Ok
Ok
Ok
Ok
Ok
Ok
Ok
Ok
Ok
Ok
Ok
Ok
Ok
Ok
Ok
Ok
Ok
Ok
Ok
Ok
Ok
Ok
Ok
Ok
Ok
Ok
Ok
Ok
Ok
Ok
Ok
Ok
Ok
Ok
Ok
Ok
Ok
Ok
Ok
Ok
Ok
Ok
Ok
Ok
Ok
Ok
Ok
Ok
Ok
Ok
Ok
Ok
Ok
Ok
Ok
Ok
Ok
Ok
Ok
Ok
Ok
Ok
Ok
Ok
Ok
Ok
Ok
Ok
Ok
Ok
Ok
Ok
Ok
Ok
Ok
Ok
Ok
Ok
Ok
Ok
Ok
Ok
Ok
Ok
Ok
Ok
Ok
Ok
Ok
Ok
Ok
Ok
Ok
Ok
Ok
Ok
Ok
Ok
Ok
Ok
Ok
Ok
Ok
Ok
Ok
Ok
Ok
Ok
Ok
Ok
Ok
Ok
Ok
Ok
Ok
Ok
Ok
Ok
Ok
Ok
Ok
Ok
Ok
Ok
Ok
Ok
Ok
Ok
Ok
Ok
Ok
Ok
Ok
Ok
Ok
Ok
Ok
Ok
Ok
Ok
Ok
Ok
Ok
Ok
Ok
Ok
Ok
Ok
Ok
Ok
Ok
Ok
Ok
Ok
Ok
Ok
Ok
Ok
Ok
Ok
Ok
Ok
Ok
Ok
Ok
Ok
Ok
Ok
Ok
Ok
Ok
Ok
Ok
Ok
Ok
Ok
Ok
Ok
Ok
Ok
Ok
Ok
Ok
Ok
Ok
Ok
Ok
Ok
Ok
Ok
Ok
Ok
Ok
Ok
Ok
Ok
Ok
Ok
Ok
Ok
Ok
Ok
Ok
Ok
Ok
Ok
Ok
Ok
Ok
Ok
Ok
Ok
Ok
Ok
Ok
Ok
Ok
Ok
Ok
Ok
Ok
Ok
Ok
Ok
Ok
Ok
Ok
Ok
Ok
Ok
Ok
Ok
Ok
Ok
Ok
Ok
Ok
Ok
Ok
Ok
Ok
Ok
Ok
Ok
Ok
Ok
Ok
Ok
Ok
Ok
Ok
Ok
Ok
Ok
Ok
Ok
Ok
Ok
Ok
Ok
Ok
Ok
Ok
Ok
Ok
Ok
Ok
Ok
Ok
Ok
Ok
Ok
Ok
Ok
Ok
Ok
Ok
Ok
Ok
Ok
Ok
Ok
Ok
Ok
Ok
Ok
Ok
Ok
Ok
Ok
Ok
Ok
Ok
Ok
Ok
Ok
Ok
Ok
Ok
Ok
Ok
Ok
Ok
Ok
Ok
Ok
Ok
Ok
Ok
Ok
Ok
Ok
Ok
Ok
Ok
Ok
Ok
Ok
Ok
Ok
Ok
Ok
Ok
Ok
Ok
Ok
Ok
Ok
Ok
Ok
Ok
Ok
Ok
Ok
Ok
Ok
Ok
Ok
Ok
Ok
Ok
Ok
Ok
Ok
Ok
Ok
Ok
Ok
Ok
Ok
Ok
Ok
Ok
Ok
Ok
Ok
Ok
Ok
Ok
Ok
Ok
Ok
Ok
Ok
Ok
Ok
Ok
Ok
Ok
Ok
Ok
Ok
Ok
Ok
Ok
Ok
Ok
Ok
Ok
Ok
Ok
Ok
Ok
Ok
Ok
Ok
Ok
Ok
Ok
Ok
Ok
Ok
Ok
Ok
Ok
Ok
Ok
Ok
Ok
Ok
Ok
Ok
Ok
Ok
Ok
Ok
Ok
Ok
Ok
Ok
Ok
Ok
Ok
Ok
Ok
Ok
Ok
Ok
Ok
Ok
Ok
Ok
Ok
Ok
Ok
Ok
Ok
Ok
Ok
Ok
Ok
Ok
Ok
Ok
Ok
Ok
Ok
Ok
Ok
Ok
Ok
Ok
Ok
Ok
Ok
Ok
Ok
Ok
Ok
Ok
Ok
Ok
Ok
Ok
Ok
Ok
Ok
Ok
Ok
Ok
Ok
Ok
Ok
Ok
Ok
Ok
Ok
Ok
Ok
Ok
Ok
Ok
Ok
Ok
Ok
Ok
Ok
Ok
Ok
Ok
Ok
Ok
Ok
Ok
Ok
Ok
Ok
Ok
Ok
Ok
Ok
Ok
Ok
Ok
Ok
Ok
Ok
Ok
Ok
Ok
Ok
Ok
Ok
Ok
Ok
Ok
Ok
Ok
Ok
Ok
Ok
Ok
Ok
Ok
Ok
Ok
Ok
Ok
Ok
Ok
Ok
Ok
Ok
Ok
Ok
Ok
Ok
Ok
Ok
Ok
Ok
Ok
Ok
Ok
Ok
Ok
Ok
Ok
Ok
Ok
Ok
Ok
Ok
Ok
Ok
Ok
Ok
Ok
Ok
Ok
Ok
Ok
Ok
Ok
Ok
Ok
Ok
Ok
Ok
Ok
Ok
Ok
Ok
Ok
Ok
Ok
Ok
Ok
Ok
Ok
Ok
Ok
Ok
Ok
Ok
Ok
Ok
Ok
Ok
Ok
Ok
Ok
Ok
Ok
Ok
Ok
Ok
Ok
Ok
Ok
Ok
Ok
Ok
Ok
Ok
Ok
Ok
Ok
Ok
Ok
Ok
Ok
Ok
Ok
Ok
Ok
Ok
Ok
Ok
Ok
Ok
Ok
Ok
Ok
Ok
Ok
Ok
Ok
Ok
Ok
Ok
Ok
Ok
Ok
Ok
Ok
Ok
Ok
Ok
Ok
Ok
Ok
Ok
Ok
Ok
Ok
Ok
Ok
Ok
Ok
Ok
Ok
Ok
Ok
Ok
Ok
Ok
Ok
Ok
Ok
Ok
Ok
Ok
Ok
Ok
Ok
Ok
Ok
Ok
Ok
Ok
Ok
Ok
Ok
Ok
Ok
Ok
Ok
Ok
Ok
Ok
Ok
Ok
Ok
Ok
Ok
Ok
Ok
Ok
Ok
Ok
Ok
Ok
Ok
Ok
Ok
Ok
Ok
Ok
Ok
Ok
Ok
Ok
Ok
Ok
Ok
Ok
Ok
Ok
Ok
Ok
Ok
Ok
Ok
Ok
Ok
Ok
Ok
Ok
Ok
Ok
Ok
Ok
Ok
Ok
Ok
Ok
Ok
Ok
Ok
Ok
Ok
Ok
Ok
Ok
Ok
Ok
Ok
Ok
Ok
Ok
Ok
Ok
Ok
Ok
Ok
Ok
Ok
Ok
Ok
Ok
Ok
Ok
Ok
Ok
Ok
Ok
Ok
Ok
Ok
Ok
Ok
Ok
Ok
Ok
Ok
Ok
Ok
Ok
Ok
Ok
Ok
Ok
Ok
Ok
Ok
Ok
Ok
Ok
Ok
Ok
Ok
Ok
Ok
Ok
Ok
Ok
Ok
Ok
Ok
Ok
Ok
Ok
Ok
Ok
Ok
Ok
Ok
Ok
Ok
Ok
Ok
Ok
Ok
Ok
Ok
Ok
Ok
Ok
Ok
Ok
Ok
Ok
Ok
Ok
Ok
Ok
Ok
Ok
Ok
Ok
Ok
Ok
Ok
Ok
Ok
Ok
Ok
Ok
Ok
Ok
Ok
Ok
Ok
Ok
Ok
Ok
Ok
Ok
Ok
Ok
Ok
Ok
Ok
Ok
Ok
Ok
Ok
Ok
Ok
Ok
Ok
Ok
Ok
Ok
Ok
Ok
Ok
Ok
Ok
Ok
Ok
Ok
Ok
Ok
Ok
Ok
Ok
Ok
Ok
Ok
Ok
Ok
Ok
Ok
Ok
Ok
Ok
Ok
Ok
Ok
Ok
Ok
Ok
Ok
Ok
Ok
Ok
Ok
Ok
Ok
Ok
Ok
Ok
Ok
Ok
Ok
Ok
Ok
Ok
Ok
Ok
Ok
Ok
Ok
Ok
Ok
Ok
Ok
Ok
Ok
Ok
Ok
Ok
Ok
Ok
Ok
Ok
Ok
Ok
Ok
Ok
Ok
Ok
Ok
Ok
Ok
Ok
Ok
Ok
Ok
Ok
Ok
Ok
Ok
Ok
Ok
Ok
Ok
Ok
Ok
Ok
Ok
Ok
Ok
Ok
Ok
Ok
Ok
Ok
Ok
Ok
Ok
Ok
Ok
Ok
Ok
Ok
Ok
Ok
Ok
Ok
Ok
Ok
Ok
Ok
Ok
Ok
Ok
Ok
Ok
Ok
Ok
Ok
Ok
Ok
Ok
Ok
Ok
Ok
Ok
Ok
Ok
Ok
Ok
Ok
Ok
Ok
Ok
Ok
Ok
Ok
Ok
Ok
Ok
Ok
Ok
Ok
Ok
Ok
Ok
Ok
Ok
Ok
Ok
Ok
Ok
Ok
Ok
Ok
Ok
Ok
Ok
Ok
Ok
Ok
Ok
Ok
Ok
Ok
Ok
Ok
Ok
Ok
Ok
Ok
Ok
Ok
Ok
Ok
Ok
Ok
Ok
Ok
Ok
Ok
Ok
Ok
Ok
Ok
Ok
Ok
Ok
Ok
Ok
Ok
Ok
Ok
Ok
Ok
Ok
Ok
Ok
Ok
Ok
Ok
Ok
Ok
Ok
Ok
Ok
Ok
Ok
Ok
Ok
Ok
Ok
Ok
Ok
Ok
Ok
Ok
Ok
Ok
Ok
Ok
Ok
Ok
Ok
Ok
Ok
Ok
Ok
Ok
Ok
Ok
Ok
Ok
Ok
Ok
Ok
Ok
Ok
Ok
Ok
Ok
Ok
Ok
Ok
Ok
Ok
Ok
Ok
Ok
Ok
Ok
Ok
Ok
Ok
Ok
Ok
Ok
Ok
Ok
Ok
Ok
Ok
Ok
Ok
Ok
Ok
Ok
Ok
Ok
Ok
Ok
Ok
Ok
Ok
Ok
Ok
Ok
Ok
Ok
Ok
Ok
Ok
Ok
Ok
Ok
Ok
Ok
Ok
Ok
Ok
Ok
Ok
Ok
Ok
Ok
Ok
Ok
Ok
Ok
Ok
Ok
Ok
Ok
Ok
Ok
Ok
Ok
Ok
Ok
Ok
Ok
Ok
Ok
Ok
Ok
Ok
Ok
Ok
Ok
Ok
Ok
Ok
Ok
Ok
Ok
Ok
Ok
Ok
Ok
Ok
Ok
Ok
Ok
Ok
Ok
Ok
Ok
Ok
Ok
Ok
Ok
Ok
Ok
Ok
Ok
Ok
Ok
Ok
Ok
Ok
Ok
Ok
Ok
Ok
Ok
Ok
Ok
Ok
Ok
Ok
Ok
Ok
Ok
Ok
Ok
Ok
Ok
Ok
Ok
Ok
Ok
Ok
Ok
Ok
Ok
Ok
Ok
Ok
Ok
Ok
Ok
Ok
Ok
Ok
Ok
Ok
Ok
Ok
Ok
Ok
Ok
Ok
Ok
Ok
Ok
Ok
Ok
Ok
Ok
Ok
Ok
Ok
Ok
Ok
Ok
Ok
Ok
Ok
Ok
Ok
Ok
Ok
Ok
Ok
Ok
Ok
Ok
Ok
Ok
Ok
Ok
Ok
Ok
Ok
Ok
Ok
Ok
Ok
Ok
Ok
Ok
Ok
Ok
Ok
Ok
Ok
Ok
Ok
Ok
Ok
Ok
Ok
Ok
Ok
Ok
Ok
Ok
Ok
Ok
Ok
Ok
Ok
Ok
Ok
Ok
Ok
Ok
Ok
Ok
Ok
Ok
Ok
Ok
Ok
Ok
Ok
Ok
Ok
Ok
Ok
Ok
Ok
Ok
Ok
Ok
Ok
Ok
Ok
Ok
Ok
Ok
Ok
Ok
Ok
Ok
Ok
Ok
Ok
Ok
Ok
Ok
Ok
Ok
Ok
Ok
Ok
Ok
Ok
Ok
Ok
Ok
Ok
Ok
Ok
Ok
Ok
Ok
Ok
Ok
Ok
Ok
Ok
Ok
Ok
Ok
Ok
Ok
Ok
Ok
Ok
Ok
Ok
Ok
Ok
Ok
Ok
Ok
Ok
Ok
Ok
Ok
Ok
Ok
Ok
Ok
Ok
Ok
Ok
Ok
Ok
Ok
Ok
Ok
Ok
Ok
Ok
Ok
Ok
Ok
Ok
Ok
Ok
Ok
Ok
Ok
Ok
Ok
Ok
Ok
Ok
Ok
Ok
Ok
Ok
Ok
Ok
Ok
Ok
Ok
Ok
Ok
Ok
Ok
Ok
Ok
Ok
Ok
Ok
Ok
Ok
Ok
Ok
Ok
Ok